0 0 0
0.05 0 0
0.1 0 0
0.15 0 0
0.2 0 0
0.25 0 0
0.3 0 0
0.35 0 0
0.4 0 0
0.45 0 0
0.5 0 0
0.55 0 0
0.6 0 0
0.65 0 0
0.7 0 0
0.75 0 0
0.8 0 0
0.85 0 0
0.9 0 0
0.95 0 0
1 0 0

0 0.05 0.00124974
0.05 0.05 5.21094e-07
0.1 0.05 2.61056e-06
0.15 0.05 6.28804e-06
0.2 0.05 1.15892e-05
0.25 0.05 1.85665e-05
0.3 0.05 2.72895e-05
0.35 0.05 3.78466e-05
0.4 0.05 5.03462e-05
0.45 0.05 6.49187e-05
0.5 0.05 8.17182e-05
0.55 0.05 0.000100926
0.6 0.05 0.000122753
0.65 0.05 0.000147445
0.7 0.05 0.000175284
0.75 0.05 0.000206599
0.8 0.05 0.000241768
0.85 0.05 0.000281226
0.9 0.05 0.000325478
0.95 0.05 0.000375105
1 0.05 0.012448

0 0.1 0.00253696
0.05 0.1 0.00128514
0.1 0.1 2.1877e-05
0.15 0.1 2.08784e-05
0.2 0.1 1.98883e-05
0.25 0.1 1.88901e-05
0.3 0.1 1.78667e-05
0.35 0.1 1.67996e-05
0.4 0.1 1.56691e-05
0.45 0.1 1.44534e-05
0.5 0.1 1.31282e-05
0.55 0.1 1.16665e-05
0.6 0.1 1.00375e-05
0.65 0.1 8.20609e-06
0.7 0.1 6.13184e-06
0.75 0.1 3.76794e-06
0.8 0.1 1.05987e-06
0.85 0.1 2.05621e-06
0.9 0.1 5.65538e-06
0.95 0.1 0.0121472
1 0.1 0.019271

0 0.15 0.00383817
0.05 0.15 0.00258321
0.1 0.15 0.00134677
0.15 0.15 7.83349e-05
0.2 0.15 8.9619e-05
0.25 0.15 0.000105851
0.3 0.15 0.000127162
0.35 0.15 0.000153737
0.4 0.15 0.000185811
0.45 0.15 0.00022368
0.5 0.15 0.000267699
0.55 0.15 0.000318292
0.6 0.15 0.000375957
0.65 0.15 0.000441277
0.7 0.15 0.000514926
0.75 0.15 0.000597683
0.8 0.15 0.000690447
0.85 0.15 0.000794252
0.9 0.15 0.0113485
0.95 0.15 0.0181663
1 0.15 0.0208055

0 0.2 0.00518211
0.05 0.2 0.00392242
0.1 0.2 0.00266173
0.15 0.2 0.00145384
0.2 0.2 0.000196208
0.25 0.2 0.00023937
0.3 0.2 0.000296074
0.35 0.2 0.00036681
0.4 0.2 0.000452218
0.45 0.2 0.00055309
0.5 0.2 0.000670384
0.55 0.2 0.000805244
0.6 0.2 0.000959014
0.65 0.2 0.00113326
0.7 0.2 0.00132981
0.75 0.2 0.00155077
0.8 0.2 0.00179857
0.85 0.2 0.0103054
0.9 0.2 0.0167668
0.95 0.2 0.0193369
1 0.2 0.0178984

0 0.25 0.00654755
0.05 0.25 0.00528153
0.1 0.25 0.00404927
0.15 0.25 0.00279991
0.2 0.25 0.00164212
0.25 0.25 0.000420006
0.3 0.25 0.000523753
0.35 0.25 0.000653771
0.4 0.25 0.000811222
0.45 0.25 0.000997557
0.5 0.25 0.00121454
0.55 0.25 0.00146428
0.6 0.25 0.00174926
0.65 0.25 0.00207239
0.7 0.25 0.00243703
0.75 0.25 0.00284709
0.8 0.25 0.00919809
0.85 0.25 0.0152748
0.9 0.25 0.0177556
0.95 0.25 0.0158838
1 0.25 0.0107507

0 0.3 0.00796815
0.05 0.3 0.00669414
0.1 0.3 0.00543568
0.15 0.3 0.00425457
0.2 0.3 0.00304229
0.25 0.3 0.00196529
0.3 0.3 0.000812987
0.35 0.3 0.0010162
0.4 0.3 0.00126324
0.45 0.3 0.00155636
0.5 0.3 0.00189831
0.55 0.3 0.0022924
0.6 0.3 0.00274253
0.65 0.3 0.00325327
0.7 0.3 0.00382993
0.75 0.3 0.00815155
0.8 0.3 0.0138312
0.85 0.3 0.0162205
0.9 0.3 0.0138933
0.95 0.3 0.00861152
1 0.3 0.000116397

0 0.35 0.00942402
0.05 0.35 0.00814035
0.1 0.35 0.00691322
0.15 0.35 0.00568912
0.2 0.35 0.00459202
0.25 0.35 0.00345217
0.3 0.35 0.00249682
0.35 0.35 0.00145949
0.4 0.35 0.00181272
0.45 0.35 0.00223309
0.5 0.35 0.00272451
0.55 0.35 0.0032917
0.6 0.35 0.00394026
0.65 0.35 0.00467674
0.7 0.35 0.00724774
0.75 0.35 0.0125303
0.8 0.35 0.0148391
0.85 0.35 0.012048
0.9 0.35 0.00663364
0.95 0.35 0.00238485
1 0.35 0.0139246

0 0.4 0.0109551
0.05 0.4 0.00966004
0.1 0.4 0.00840366
0.15 0.4 0.00725854
0.2 0.4 0.00610516
0.25 0.4 0.00513515
0.3 0.4 0.00411392
0.35 0.4 0.00333278
0.4 0.4 0.00246819
0.45 0.4 0.00303568
0.5 0.4 0.00370062
0.55 0.4 0.00446935
0.6 0.4 0.00534943
0.65 0.4 0.00653435
0.7 0.4 0.0114296
0.75 0.4 0.0136791
0.8 0.4 0.0104259
0.85 0.4 0.00490676
0.9 0.4 0.00464
0.95 0.4 0.0163623
1 0.4 0.0306745

0 0.45 0.0125419
0.05 0.45 0.0112337
0.1 0.45 0.0100131
0.15 0.45 0.0088214
0.2 0.45 0.00780372
0.25 0.45 0.00676823
0.3 0.45 0.0059801
0.35 0.45 0.00513627
0.4 0.45 0.00459558
0.45 0.45 0.00397645
0.5 0.45 0.00483882
0.55 0.45 0.00583761
0.6 0.45 0.00603033
0.65 0.45 0.0105563
0.7 0.45 0.0127764
0.75 0.45 0.00907115
0.8 0.45 0.00348429
0.85 0.45 0.00658781
0.9 0.45 0.0184473
0.95 0.45 0.0333486
1 0.45 0.0501687

0 0.5 0.0142325
0.05 0.5 0.0129092
0.1 0.5 0.0116551
0.15 0.5 0.0105569
0.2 0.5 0.00947802
0.25 0.5 0.00864495
0.3 0.5 0.00778708
0.35 0.5 0.00724936
0.4 0.5 0.00665665
0.45 0.5 0.00643906
0.5 0.5 0.00615615
0.55 0.5 0.00572909
0.6 0.5 0.00991181
0.65 0.5 0.0121404
0.7 0.5 0.00799987
0.75 0.5 0.00239035
0.8 0.5 0.00819799
0.85 0.5 0.0201408
0.9 0.5 0.0356274
0.95 0.5 0.0526264
1 0.5 0.0717324

0 0.55 0.0160067
0.05 0.55 0.0146664
0.1 0.55 0.0134546
0.15 0.55 0.0123037
0.2 0.55 0.0113877
0.25 0.55 0.0104823
0.3 0.55 0.00990483
0.35 0.55 0.00929921
0.4 0.55 0.00909686
0.45 0.55 0.00884702
0.5 0.55 0.00421935
0.55 0.55 0.00947333
0.6 0.55 0.011756
0.65 0.55 0.00720396
0.7 0.55 0.00162425
0.75 0.55 0.00946588
0.8 0.55 0.0214305
0.85 0.55 0.0374951
0.9 0.55 0.0546014
0.95 0.55 0.0743482
1 0.55 0.0955181

0 0.6 0.0179228
0.05 0.6 0.0165635
0.1 0.6 0.0153122
0.15 0.6 0.0142744
0.2 0.6 0.0132884
0.25 0.6 0.0126282
0.3 0.6 0.0119717
0.35 0.6 0.0117374
0.4 0.6 0.0114766
0.45 0.6 0.00169263
0.5 0.6 0.00669458
0.55 0.6 0.010191
0.6 0.6 0.00665264
0.65 0.6 0.00116283
0.7 0.6 0.0104093
0.75 0.6 0.0223271
0.8 0.6 0.0389589
0.85 0.6 0.0560937
0.9 0.6 0.0764758
0.95 0.6 0.0977871
1 0.6 0.12084

0 0.65 0.0199588
0.05 0.65 0.0185782
0.1 0.65 0.0173784
0.15 0.65 0.0162787
0.2 0.65 0.0154915
0.25 0.65 0.0147467
0.3 0.65 0.0144326
0.35 0.65 0.0141184
0.4 0.65 0.000793423
0.45 0.65 0.00400056
0.5 0.65 0.00765535
0.55 0.65 0.00379537
0.6 0.65 0.000447188
0.65 0.65 0.0110676
0.7 0.65 0.0228619
0.75 0.65 0.0400467
0.8 0.65 0.0571235
0.85 0.65 0.0781349
0.9 0.65 0.0994904
0.95 0.65 0.123231
1 0.65 0.147979

0 0.7 0.0221863
0.05 0.7 0.0207822
0.1 0.7 0.019535
0.15 0.7 0.0185744
0.2 0.7 0.0177036
0.25 0.7 0.0172602
0.3 0.7 0.0168508
0.35 0.7 0.00331635
0.4 0.7 0.00131193
0.45 0.7 0.00518968
0.5 0.7 0.00104823
0.55 0.7 0.00297747
0.6 0.7 0.0139952
0.65 0.7 0.0245092
0.7 0.7 0.0408065
0.75 0.7 0.0577303
0.8 0.7 0.0793641
0.85 0.7 0.100658
0.9 0.7 0.125085
0.95 0.7 0.149904
1 0.7 0.176204

0 0.75 0.0245795
0.05 0.75 0.0231496
0.1 0.75 0.0219665
0.15 0.75 0.0209308
0.2 0.75 0.020306
0.25 0.75 0.0197589
0.3 0.75 0.00595945
0.35 0.75 0.00145526
0.4 0.75 0.00271116
0.45 0.75 0.00167404
0.5 0.75 0.00540381
0.55 0.75 0.0167855
0.6 0.75 0.0270221
0.65 0.75 0.043797
0.7 0.75 0.0594093
0.75 0.75 0.0802202
0.8 0.75 0.101338
0.85 0.75 0.126452
0.9 0.75 0.151217
0.95 0.75 0.178251
1 0.75 0.20594

0 0.8 0.0272276
0.05 0.8 0.0257693
0.1 0.8 0.0245281
0.15 0.8 0.0236661
0.2 0.8 0.0229376
0.25 0.8 0.00881419
0.3 0.8 0.00439206
0.35 0.8 0.000131303
0.4 0.8 0.00446103
0.45 0.8 0.00781409
0.5 0.8 0.0195296
0.55 0.8 0.0293924
0.6 0.8 0.046621
0.65 0.8 0.061895
0.7 0.8 0.0832661
0.75 0.8 0.103046
0.8 0.8 0.127399
0.85 0.8 0.151973
0.9 0.8 0.179753
0.95 0.8 0.207406
1 0.8 0.236369

0 0.85 0.0300988
0.05 0.85 0.0286093
0.1 0.85 0.0274497
0.15 0.85 0.0264938
0.2 0.85 0.0119829
0.25 0.85 0.00759935
0.3 0.85 0.00264671
0.35 0.85 0.00740951
0.4 0.85 0.0103016
0.45 0.85 0.022323
0.5 0.85 0.0317127
0.55 0.85 0.0493762
0.6 0.85 0.0641948
0.65 0.85 0.0861149
0.7 0.85 0.105497
0.75 0.85 0.130492
0.8 0.85 0.153708
0.85 0.85 0.180784
0.9 0.85 0.208243
0.95 0.85 0.238
1 0.85 0.268095

0 0.9 0.0333051
0.05 0.9 0.0317815
0.1 0.9 0.0305495
0.15 0.9 0.0155817
0.2 0.9 0.0111907
0.25 0.9 0.0057309
0.3 0.9 0.0106263
0.35 0.9 0.012968
0.4 0.9 0.0252681
0.45 0.9 0.0340806
0.5 0.9 0.0521636
0.55 0.9 0.0664055
0.6 0.9 0.0888703
0.65 0.9 0.107714
0.7 0.9 0.133356
0.75 0.9 0.156119
0.8 0.9 0.183917
0.85 0.9 0.210008
0.9 0.9 0.239108
0.95 0.9 0.269021
1 0.9 0.300162

0 0.95 0.0368057
0.05 0.95 0.0352449
0.1 0.95 0.0197437
0.15 0.95 0.0152958
0.2 0.95 0.00924371
0.25 0.95 0.0142314
0.3 0.95 0.0159265
0.35 0.95 0.0284776
0.4 0.95 0.0366021
0.45 0.95 0.0550915
0.5 0.95 0.0686284
0.55 0.95 0.0916397
0.6 0.95 0.109797
0.65 0.95 0.136101
0.7 0.95 0.158244
0.75 0.95 0.186785
0.8 0.95 0.212377
0.85 0.95 0.242269
0.9 0.95 0.27082
0.95 0.95 0.301338
1 0.95 0.333397

0 1 0.0262244
0.05 1 0.0246228
0.1 1 0.020064
0.15 1 0.0133257
0.2 1 0.0183619
0.25 1 0.019305
0.3 1 0.0320778
0.35 1 0.0393947
0.4 1 0.0582785
0.45 1 0.0709732
0.5 1 0.0945373
0.55 1 0.111852
0.6 1 0.13884
0.65 1 0.160185
0.7 1 0.189507
0.75 1 0.214402
0.8 1 0.24513
0.85 1 0.273147
0.9 1 0.304516
0.95 1 0.335236
1 1 0.368078

