0 0 0
0.05 0 0
0.1 0 0
0.15 0 0
0.2 0 0
0.25 0 0
0.3 0 0
0.35 0 0
0.4 0 0
0.45 0 0
0.5 0 0
0.55 0 0
0.6 0 0
0.65 0 0
0.7 0 0
0.75 0 0
0.8 0 0
0.85 0 0
0.9 0 0
0.95 0 0
1 0 0

0 0.05 4.30649e-07
0.05 0.05 1.30417e-06
0.1 0.05 3.92473e-06
0.15 0.05 8.1498e-06
0.2 0.05 1.40234e-05
0.25 0.05 2.16064e-05
0.3 0.05 3.0978e-05
0.35 0.05 4.22366e-05
0.4 0.05 5.55016e-05
0.45 0.05 7.09155e-05
0.5 0.05 8.86463e-05
0.55 0.05 0.000108891
0.6 0.05 0.000131877
0.65 0.05 0.000157871
0.7 0.05 0.000187178
0.75 0.05 0.000220153
0.8 0.05 0.000257205
0.85 0.05 0.000298806
0.9 0.05 0.000345501
0.95 0.05 0.000397923
1 0.05 0.00901185

0 0.1 2.81843e-05
0.05 0.1 2.9899e-05
0.1 0.1 3.8172e-05
0.15 0.1 5.30591e-05
0.2 0.1 7.45329e-05
0.25 0.1 0.000102806
0.3 0.1 0.00013816
0.35 0.1 0.000180954
0.4 0.1 0.000231629
0.45 0.1 0.000290711
0.5 0.1 0.000358828
0.55 0.1 0.000436715
0.6 0.1 0.000525228
0.65 0.1 0.000625363
0.7 0.1 0.000738271
0.75 0.1 0.000865282
0.8 0.1 0.00100793
0.85 0.1 0.00116799
0.9 0.1 0.00134752
0.95 0.1 0.00801448
1 0.1 0.0171746

0 0.15 8.59912e-05
0.05 0.15 8.90814e-05
0.1 0.15 0.000104626
0.15 0.15 0.000134902
0.2 0.15 0.00018017
0.25 0.15 0.000240687
0.3 0.15 0.00031704
0.35 0.15 0.000409986
0.4 0.15 0.000520461
0.45 0.15 0.000649597
0.5 0.15 0.000798739
0.55 0.15 0.000969474
0.6 0.15 0.00116365
0.65 0.15 0.00138342
0.7 0.15 0.00163128
0.75 0.15 0.0019101
0.8 0.15 0.00222322
0.85 0.15 0.00257446
0.9 0.15 0.0066907
0.95 0.15 0.0155378
1 0.15 0.0214063

0 0.2 0.000178062
0.05 0.2 0.00018327
0.1 0.2 0.000208343
0.15 0.2 0.000257413
0.2 0.2 0.00033307
0.25 0.2 0.000435991
0.3 0.2 0.000566979
0.35 0.2 0.000727303
0.4 0.2 0.000918553
0.45 0.2 0.00114266
0.5 0.2 0.00140193
0.55 0.2 0.00169909
0.6 0.2 0.00203733
0.65 0.2 0.00242035
0.7 0.2 0.00285246
0.75 0.2 0.00333862
0.8 0.2 0.0038846
0.85 0.2 0.00525856
0.9 0.2 0.0137604
0.95 0.2 0.0194246
1 0.2 0.0213804

0 0.25 0.00031028
0.05 0.25 0.000318431
0.1 0.25 0.000355558
0.15 0.25 0.000427581
0.2 0.25 0.000539033
0.25 0.25 0.000693083
0.3 0.25 0.000891143
0.35 0.25 0.00113492
0.4 0.25 0.00142681
0.45 0.25 0.00176971
0.5 0.25 0.00216712
0.55 0.25 0.00262319
0.6 0.25 0.00314275
0.65 0.25 0.00373147
0.7 0.25 0.00439591
0.75 0.25 0.00514367
0.8 0.25 0.00386958
0.85 0.25 0.0120125
0.9 0.25 0.0174649
0.95 0.25 0.0189909
1 0.25 0.0169783

0 0.3 0.000490281
0.05 0.3 0.00050226
0.1 0.3 0.000554157
0.15 0.3 0.000653665
0.2 0.3 0.000807246
0.25 0.3 0.00102015
0.3 0.3 0.00129651
0.35 0.3 0.00163889
0.4 0.3 0.00205043
0.45 0.3 0.00253519
0.5 0.3 0.00309808
0.55 0.3 0.0037449
0.6 0.3 0.00448251
0.65 0.3 0.00531889
0.7 0.3 0.00626333
0.75 0.3 0.00262506
0.8 0.3 0.0104094
0.85 0.3 0.0156571
0.9 0.3 0.0167489
0.95 0.3 0.0144579
1 0.3 0.0088176

0 0.35 0.000727566
0.05 0.35 0.000744304
0.1 0.35 0.000813848
0.15 0.35 0.000945731
0.2 0.35 0.0011483
0.25 0.35 0.00142895
0.3 0.35 0.00179409
0.35 0.35 0.0022493
0.4 0.35 0.00279894
0.45 0.35 0.00344819
0.5 0.35 0.00420358
0.55 0.35 0.00507289
0.6 0.35 0.00606528
0.65 0.35 0.00719146
0.7 0.35 0.00158726
0.75 0.35 0.00902369
0.8 0.35 0.0140852
0.85 0.35 0.0147496
0.9 0.35 0.0122031
0.95 0.35 0.00606345
1 0.35 0.00299308

0 0.4 0.00103358
0.05 0.4 0.00105607
0.1 0.4 0.00114634
0.15 0.4 0.0013158
0.2 0.4 0.00157481
0.25 0.4 0.00193284
0.3 0.4 0.00239872
0.35 0.4 0.0029806
0.4 0.4 0.00368624
0.45 0.4 0.00452248
0.5 0.4 0.00549752
0.55 0.4 0.00662136
0.6 0.4 0.00790582
0.65 0.4 0.000786918
0.7 0.4 0.00789463
0.75 0.4 0.0127972
0.8 0.4 0.0130497
0.85 0.4 0.0102799
0.9 0.4 0.00365444
0.95 0.4 0.00571172
1 0.4 0.0177844

0 0.45 0.00142186
0.05 0.45 0.00145116
0.1 0.45 0.00156544
0.15 0.45 0.0017781
0.2 0.45 0.00210154
0.25 0.45 0.00254749
0.3 0.45 0.00312711
0.35 0.45 0.00385137
0.4 0.45 0.00473098
0.45 0.45 0.00577672
0.5 0.45 0.00699901
0.55 0.45 0.00841021
0.6 0.45 0.000228037
0.65 0.45 0.00703371
0.7 0.45 0.0118121
0.75 0.45 0.0116751
0.8 0.45 0.00872187
0.85 0.45 0.00163054
0.9 0.45 0.00799866
0.95 0.45 0.0206135
1 0.45 0.0355244

0 0.5 0.00190816
0.05 0.5 0.00194541
0.1 0.5 0.00208726
0.15 0.5 0.00234916
0.2 0.5 0.00274573
0.25 0.5 0.00329096
0.3 0.5 0.00399865
0.35 0.5 0.00488247
0.4 0.5 0.00595642
0.45 0.5 0.0072348
0.5 0.5 0.00873263
0.55 0.5 0.000109547
0.6 0.5 0.00642808
0.65 0.5 0.0111239
0.7 0.5 0.0106263
0.75 0.5 0.00753603
0.8 0.5 4.03108e-06
0.85 0.5 0.00983519
0.9 0.5 0.0229679
0.95 0.5 0.0381878
1 0.5 0.0555648

0 0.55 0.00251064
0.05 0.55 0.00255706
0.1 0.55 0.00273033
0.15 0.55 0.00304808
0.2 0.55 0.00352718
0.25 0.55 0.00418418
0.3 0.55 0.00503549
0.35 0.55 0.00609789
0.4 0.55 0.0073886
0.45 0.55 0.00892585
0.5 0.55 0.000269653
0.55 0.55 0.00604189
0.6 0.55 0.0107043
0.65 0.55 0.00988099
0.7 0.55 0.00670662
0.75 0.55 0.00123602
0.8 0.55 0.0112264
0.85 0.55 0.0248493
0.9 0.55 0.0403116
0.95 0.55 0.0582566
1 0.55 0.0779846

0 0.6 0.00325002
0.05 0.6 0.00330695
0.1 0.6 0.00351586
0.15 0.6 0.00389663
0.2 0.6 0.00446865
0.25 0.6 0.00525101
0.3 0.6 0.00626314
0.35 0.6 0.00752492
0.4 0.6 0.00905731
0.45 0.6 0.000318606
0.5 0.6 0.00581547
0.55 0.6 0.0105022
0.6 0.6 0.00939545
0.65 0.6 0.00619675
0.7 0.6 0.00212142
0.75 0.6 0.012198
0.8 0.6 0.0262806
0.85 0.6 0.0419133
0.9 0.6 0.0603964
0.95 0.6 0.080406
1 0.6 0.102136

0 0.65 0.00414989
0.05 0.65 0.00421881
0.1 0.65 0.00446794
0.15 0.65 0.00491967
0.2 0.65 0.00559592
0.25 0.65 0.00651873
0.3 0.65 0.00771053
0.35 0.65 0.00919482
0.4 0.65 0.000326836
0.45 0.65 0.00567522
0.5 0.65 0.0104449
0.55 0.65 0.00910292
0.6 0.65 0.00594818
0.65 0.65 0.00270424
0.7 0.65 0.0127954
0.75 0.65 0.0273033
0.8 0.65 0.0430286
0.85 0.65 0.0620191
0.9 0.65 0.0822247
0.95 0.65 0.104539
1 0.65 0.128221

0 0.7 0.0052369
0.05 0.7 0.00531942
0.1 0.7 0.00561389
0.15 0.7 0.00614527
0.2 0.7 0.00693836
0.25 0.7 0.00801816
0.3 0.7 0.00941065
0.35 0.7 0.000366763
0.4 0.7 0.00554755
0.45 0.7 0.0104561
0.5 0.7 0.00892358
0.55 0.7 0.00588194
0.6 0.7 0.00305833
0.65 0.7 0.0130839
0.7 0.7 0.0279779
0.75 0.7 0.0437112
0.8 0.7 0.0631765
0.85 0.7 0.0834867
0.9 0.7 0.106353
0.95 0.7 0.130265
1 0.7 0.155559

0 0.75 0.00654115
0.05 0.75 0.00663904
0.1 0.75 0.00698446
0.15 0.75 0.00760519
0.2 0.75 0.008529
0.25 0.75 0.00978433
0.3 0.75 0.000516745
0.35 0.75 0.00535462
0.4 0.75 0.010458
0.45 0.75 0.00877806
0.5 0.75 0.00591625
0.55 0.75 0.00326987
0.6 0.75 0.0131486
0.65 0.75 0.0283857
0.7 0.75 0.0440336
0.75 0.75 0.0639377
0.8 0.75 0.0842541
0.85 0.75 0.107643
0.9 0.75 0.131678
0.95 0.75 0.157566
1 0.75 0.184488

0 0.8 0.00809645
0.05 0.8 0.00821171
0.1 0.8 0.00861436
0.15 0.8 0.00933516
0.2 0.8 0.0104053
0.25 0.8 0.000863804
0.3 0.8 0.00501126
0.35 0.8 0.010367
0.4 0.8 0.008583
0.45 0.8 0.00596805
0.5 0.8 0.00342401
0.55 0.8 0.0130766
0.6 0.8 0.0286193
0.65 0.8 0.0440868
0.7 0.8 0.0643914
0.75 0.8 0.0846061
0.8 0.8 0.108486
0.85 0.8 0.132531
0.9 0.8 0.158986
0.95 0.8 0.186059
1 0.8 0.21426

0 0.85 0.00994087
0.05 0.85 0.0100757
0.1 0.85 0.0105425
0.15 0.85 0.0113755
0.2 0.85 0.00150641
0.25 0.85 0.00442211
0.3 0.85 0.0100904
0.35 0.85 0.00824772
0.4 0.85 0.00594862
0.45 0.85 0.00360963
0.5 0.85 0.012956
0.55 0.85 0.0287696
0.6 0.85 0.0439632
0.65 0.85 0.064637
0.7 0.85 0.0846397
0.75 0.85 0.108978
0.8 0.85 0.13291
0.85 0.85 0.159905
0.9 0.85 0.187001
0.95 0.85 0.215807
1 0.85 0.245375

0 0.9 0.0121171
0.05 0.9 0.012274
0.1 0.9 0.0128129
0.15 0.9 0.00255759
0.2 0.9 0.0034786
0.25 0.9 0.00952407
0.3 0.9 0.00767114
0.35 0.9 0.00576041
0.4 0.9 0.00392281
0.45 0.9 0.0128801
0.5 0.9 0.0289312
0.55 0.9 0.0437551
0.6 0.9 0.0647715
0.65 0.9 0.0844519
0.7 0.9 0.109226
0.75 0.9 0.132918
0.8 0.9 0.160429
0.85 0.9 0.187407
0.9 0.9 0.216798
0.95 0.9 0.246411
1 0.9 0.276971

0 0.95 0.0184484
0.05 0.95 0.0148548
0.1 0.95 0.00414859
0.15 0.95 0.00205535
0.2 0.95 0.00854826
0.25 0.95 0.00673844
0.3 0.95 0.0052937
0.35 0.95 0.00447021
0.4 0.95 0.012951
0.45 0.95 0.0292054
0.5 0.95 0.0435604
0.55 0.95 0.0648947
0.6 0.95 0.0841396
0.65 0.95 0.109332
0.7 0.95 0.132656
0.75 0.95 0.160669
0.8 0.95 0.187384
0.85 0.95 0.217344
0.9 0.95 0.246844
0.95 0.95 0.278026
1 0.95 0.309748

0 1 0.0136907
0.05 1 0.0102462
0.1 1 6.1038e-06
0.15 1 0.00702411
0.2 1 0.0053172
0.25 1 0.00442294
0.3 1 0.00537261
0.35 1 0.0132832
0.4 1 0.0297044
0.45 1 0.043485
0.5 1 0.0651137
0.55 1 0.083804
0.6 1 0.109403
0.65 1 0.132224
0.7 1 0.160735
0.75 1 0.187038
0.8 1 0.217566
0.85 1 0.246789
0.9 1 0.278586
0.95 1 0.310212
1 1 0.342671

